,Name,ID,Country,Temperature (F),Latitude (Deg),Humidity (%),Cloudiness (%),Wind Speed (mph)
0,Attnang-Puchheim,3233832,AT,57.2,48.01,67,20,4.7
1,Sabanagrande,3602680,HN,82.4,13.81,48,40,8.05
2,Albánchez,6355521,ES,59.0,37.29,67,0,3.36
3,Us,2971316,FR,50.2,49.1,76,75,12.75
4,Reghin,668997,RO,52.77,46.77,81,36,2.24
5,Leon Valley,4705923,US,69.64,29.5,30,1,11.41
6,Nesselwangle,2770879,AT,47.86,47.48,75,20,6.93
7,Ludchurch,2643438,GB,42.51,51.76,100,48,27.11
8,Argostolion,264668,GR,51.8,38.18,81,0,4.52
9,Cajahs Mountain,4458580,US,58.39,35.83,18,1,17.22
10,Brazii,683770,RO,58.12,44.77,58,0,2.24
11,Ezanville,3019175,FR,50.67,49.03,81,75,10.29
12,Indor,2703756,SE,31.44,61.13,91,12,4.18
13,Gieselwerder,2920560,DE,50.0,51.6,71,40,11.41
14,Apetlon,2782454,AT,54.88,47.74,71,0,4.7
15,Carrickroe,3310670,IE,37.4,54.36,69,20,10.29
16,Konak,789346,RS,58.95,45.31,55,0,5.82
17,Vila Real de Santo António,8010527,PT,60.8,37.2,59,0,10.29
18,Le Chesnay,6455402,FR,50.77,48.82,81,90,11.41
19,Giebultow,3099388,PL,52.83,50.15,66,0,5.82
20,Antanetikely,1070738,MG,53.76,-19.82,86,36,3.18
21,Alhendin,2521984,ES,53.6,37.11,66,0,2.39
22,Limours,2998269,FR,50.77,48.65,87,90,16.11
23,Westborough,4955149,US,53.85,42.27,82,90,17.22
24,Quarter of Vieux-Fort,3576413,LC,82.4,13.78,69,20,14.99
25,Mount Horeb,5263667,US,30.43,43.01,50,40,11.41
26,Yorosso,2448442,ML,90.75,12.35,23,48,7.65
27,Caldwell,4678111,US,67.66,30.53,29,1,6.93
28,Schwaney,2835258,DE,50.63,51.72,71,0,10.29
29,Tolk,2821956,DE,49.08,54.58,93,44,11.41
30,Bighorn,5413922,US,43.09,39.64,29,40,21.92
31,Frucht,2924125,DE,47.7,50.32,87,68,16.11
32,Tabaco,1689433,PH,78.8,15.64,78,75,4.7
33,Panggungasri,7375255,ID,81.57,-8.21,92,92,7.99
34,Naray,1132336,AF,32.34,35.22,73,0,2.51
35,Cerrina,6534395,IT,46.4,45.12,100,40,2.24
36,Faramans,3019055,FR,51.76,45.39,81,56,11.41
37,Duncans Creek,2168159,AU,57.2,-31.37,76,0,8.05
38,Fantanele,678152,RO,53.6,47.52,66,0,5.82
39,Kornos,146438,CY,57.81,34.92,26,0,5.82
40,Corato,3178131,IT,55.18,41.15,77,40,12.75
41,Crondall,2651920,GB,48.43,51.23,81,75,17.22
42,Saint-Pierre-d'Aurillac,6432439,FR,53.6,44.57,81,75,16.11
43,Grossweitzschen,2914872,DE,54.14,51.17,54,75,5.82
44,Peujeuh,7921409,ID,57.72,-7.02,91,8,1.05
45,Almstedt,6552471,DE,50.72,52.05,100,20,1.12
46,Guba,1712609,PH,70.5,10.31,100,48,2.62
47,Elsau,7285722,CH,46.78,47.5,93,100,3.36
48,Lestrobe,6544457,ES,50.14,42.73,87,20,4.7
49,Jelenia Gora,3097257,PL,48.36,50.9,84,20,2.73
50,Llangunnor,7301148,GB,41.43,51.84,100,32,24.32
51,Sorbolo,3166374,IT,53.6,44.85,76,40,6.93
52,San Sebastian de los Reyes,3110040,ES,53.08,40.54,66,0,11.41
53,Zorbau,2803892,DE,51.8,51.2,81,0,14.99
54,Villarboit,3164159,IT,46.4,45.44,100,90,6.93
55,Sioux County,4876545,US,29.48,42.73,63,1,12.68
56,Gonzales,4693940,US,70.99,29.5,26,1,14.99
57,Ottana,3171782,IT,55.4,40.23,87,64,13.87
58,Cadott,5247387,US,27.5,44.95,42,1,13.87
59,Jonava,598818,LT,53.6,55.08,62,0,6.93
60,Eastland,4688071,US,64.4,32.4,16,1,13.87
61,Bethany,5899156,CA,29.37,44.18,74,90,35.57
62,Ellendale,5059052,US,25.83,46.0,58,76,13.87
63,San Miguel de Salinas,2511277,ES,63.59,37.98,63,0,4.7
64,Vogelsang,2816913,DE,49.06,54.43,93,44,11.41
65,Woods Reef,2143056,AU,54.93,-30.38,87,0,4.63
66,Schlindermanderscheid,2960094,LU,46.31,49.93,81,75,19.46
67,Kemeten,7872740,AT,57.2,47.25,54,0,9.17
68,Mala Tokmachka,702153,UA,44.6,47.54,81,0,6.71
69,Aurith,2953996,DE,55.29,52.24,85,80,10.0
70,Heuningspruit,996683,ZA,52.77,-27.45,94,68,2.95
71,Platikambos,254990,GR,51.8,39.62,71,0,6.93
72,Montemarano,3172847,IT,57.85,40.92,71,0,14.99
73,Dalaguete,1716108,PH,78.96,9.78,100,92,7.76
74,Jiaotang,1806017,CN,57.36,29.31,99,92,3.96
75,Esches,3019810,FR,50.77,49.22,76,75,12.75
76,Muñoveros,6360864,ES,46.2,41.18,80,92,12.46
77,Klofta,3149813,NO,35.76,60.07,97,88,4.97
78,Wetzikon / Kempten,6292591,CH,47.46,47.33,76,75,3.36
79,Dütschow,2934195,DE,51.8,53.41,93,75,4.7
80,Baizhang,1817205,CN,53.85,30.53,90,88,3.4
81,Nurallao,2523988,IT,58.39,39.79,93,40,6.93
82,El Aguacate,3508639,DO,84.22,19.6,74,20,17.22
83,Cabulay,1721370,PH,66.99,16.75,97,92,0.94
84,Ngiyono,8067846,ID,69.87,-6.9,95,20,2.95
85,Ipil,1710609,PH,77.61,9.79,98,20,6.87
86,Taocun,1793165,CN,27.84,39.45,82,20,18.05
87,Dagebull,2939489,DE,47.46,54.73,87,75,13.87
88,Pratápolis,3452380,BR,68.88,-20.74,94,8,2.39
89,Greimerath,6554325,DE,46.83,50.03,81,75,19.46
90,Vecoux,2970256,FR,48.2,47.98,93,0,10.29
91,Aichstetten,6556053,DE,45.64,47.9,81,40,6.93
92,Boltaña,6358311,ES,33.96,42.42,95,64,1.16
93,Schonenbuch,2658708,CH,46.81,47.54,81,75,14.99
94,Cartyville,5917819,CA,32.0,48.23,91,90,14.99
95,Sao Joao Batista,3448906,BR,74.37,-27.28,88,75,8.05
96,Lomaso,6534576,IT,41.18,46.02,99,90,35.57
97,Ponitz,2852729,DE,51.8,50.85,81,0,14.99
98,Dharsin,7934341,NP,62.85,27.76,78,80,2.17
99,Niederheimbach,6555288,DE,47.77,50.03,81,20,16.11
100,Sadar,7579649,ID,68.61,-8.09,92,8,2.95
101,Carmen de Areco,3435644,AR,80.76,-34.38,50,0,6.31
102,Pignon,3718834,HT,78.51,19.33,64,68,3.62
103,Süri,7670424,CH,44.22,46.92,87,75,3.36
104,Saint-Étienne-la-Thillaye,6427430,FR,49.41,49.28,81,90,13.87
105,San Juan Tecuaco,3589880,GT,83.35,14.08,53,20,13.87
106,Lyndonville,5238203,US,40.48,44.53,93,90,6.93
107,Bias,3032791,FR,54.46,44.42,76,80,8.05
108,Les Montets,7286331,CH,44.15,46.81,93,90,11.41
109,Irsch,2895755,DE,47.1,49.73,81,75,19.46
110,Junguitu,3120071,ES,52.93,42.87,93,75,3.36
111,Woppenrieth,2806207,DE,50.85,49.57,66,75,5.82
112,Calvizzano,3181140,IT,60.17,40.91,87,40,2.39
113,Helm,4390078,US,38.71,37.98,35,1,11.41
114,Dayr al Asal al Fawqa,283120,PS,66.2,31.47,55,0,6.93
115,Hertingshausen,2905548,DE,50.0,50.97,76,40,13.87
116,Barra da Estiva,3470744,BR,82.38,-13.63,48,12,4.74
117,Palma Soriano,3545064,CU,87.17,20.22,54,40,9.17
118,Piherarh Municipality,7626977,FM,83.37,8.57,100,76,11.68
119,Coleman,5925154,CA,36.48,49.63,44,75,11.41
120,Oberzelg,2659318,CH,45.95,46.78,87,75,3.36
121,Vilar do Pinheiro,2732442,PT,55.4,41.27,82,75,2.17
122,Siemianowice Śląskie,7531569,PL,52.59,50.31,54,0,4.7
123,Riverview,2151513,AU,62.69,-27.6,93,40,4.7
124,Montes Claros,3456814,BR,86.0,-16.74,45,20,1.12
125,Okha,2122614,RU,24.33,53.57,94,80,10.0
126,Los Angeles,1705545,PH,73.2,9.01,100,36,4.18
127,Langhem,2697455,SE,41.0,57.6,93,90,6.93
128,Niederbüren,7286636,CH,46.94,47.46,93,100,3.36
129,Santa Bárbara de Casa,6358244,ES,50.97,37.8,77,0,6.2
130,Häder,2912807,DE,46.63,48.35,75,100,10.29
131,Huta Stara B,3097935,PL,53.6,50.74,54,0,4.7
132,Maasmechelen,2791961,BE,49.53,50.97,87,75,16.11
133,Rio de Mouro,2263827,PT,56.32,38.77,82,20,2.24
134,Steenbecque,6438507,FR,48.67,50.67,81,40,11.41
135,Xialaba,1790672,CN,26.67,39.59,75,32,9.78
136,El Vedero,3755700,VE,82.2,9.75,69,76,9.44
137,Livadákion,735395,GR,53.6,40.51,66,0,2.24
138,Pancorbo,6356523,ES,46.4,42.67,93,75,3.36
139,San Augustine,4726256,US,67.14,31.53,32,0,6.93
140,Pontestura,3170215,IT,46.4,45.14,100,40,2.24
141,Canton de Mersch,2960275,LU,47.25,49.75,81,75,19.46
142,Sidamon,3109012,ES,64.4,41.63,39,0,10.29
143,Suicheng,1793899,CN,46.29,33.9,62,92,10.67
144,Neudau,2770838,AT,57.2,47.17,54,0,9.17
145,Gneven,6548350,DE,51.8,53.63,93,75,4.7
146,Virey,6435710,FR,50.0,48.58,87,75,11.41
147,Fradelos,8011309,PT,55.4,41.37,82,75,2.17
148,Fallston,4354708,US,56.19,39.51,46,40,23.04
149,Atteln,2954952,DE,50.0,51.6,71,0,10.29
150,Wapielsk,3082647,PL,49.71,53.14,83,48,8.21
151,Celso Ramos,3466481,BR,71.49,-27.63,78,56,4.63
152,Tauscha,2823789,DE,51.8,50.92,81,0,14.99
153,Wolbrom,3081495,PL,52.74,50.38,66,0,5.82
154,Worgl,2760854,AT,55.4,47.48,54,75,10.29
155,Parròquia de Canillo,3041203,AD,33.51,42.58,79,8,1.61
156,Pitogo,1692788,PH,75.2,10.12,94,90,3.36
157,Cobadin,681257,RO,44.6,44.08,87,0,6.93
158,Ilow,770798,PL,57.2,52.34,62,0,6.93
159,Pollachi,1259440,IN,78.8,10.67,88,12,4.7
160,Schwanewede,2835260,DE,48.9,53.23,87,75,6.93
161,Toledo,5174035,US,33.21,41.66,95,90,5.82
162,Qinglong,1553833,CN,52.77,30.62,95,92,3.74
163,Idar,2896757,DE,47.86,49.72,81,20,16.11
164,Berceo,3128229,ES,49.95,42.34,93,75,3.36
165,Saint-Briac-sur-Mer,2981294,FR,48.18,48.62,87,75,11.41
166,Bygrave,2654134,GB,49.75,52.0,87,92,17.22
167,Gasen,2778832,AT,54.32,47.38,54,0,9.17
168,Woodbridge,6184009,CA,29.08,43.78,51,75,40.26
169,Holdenville,4538869,US,54.48,35.08,20,1,5.82
170,La Joya,4703997,US,67.05,26.25,52,90,16.11
171,Pekutatan,7553299,ID,80.22,-8.42,94,0,2.95
172,Clovis,5338122,US,77.29,36.83,34,75,3.36
173,San-Martino-di-Lota,2976186,FR,60.13,42.73,100,90,2.24
174,Heric,3013457,FR,50.94,47.41,93,64,9.17
175,Klokočov,3073574,CZ,57.2,49.75,54,0,12.75
176,Qualeup,2062823,AU,53.85,-33.83,97,0,8.43
177,Villodrigo,3104657,ES,46.4,42.14,81,64,16.11
178,Bunesti,683279,RO,51.8,46.1,81,20,2.24
179,Roye,6442093,FR,42.93,47.67,93,0,10.29
180,Umunede,2320417,NG,81.57,6.26,76,8,8.66
181,Huagai,1807723,CN,46.74,31.55,84,92,6.08
182,Berstett,3033219,FR,50.0,48.68,81,48,13.87
183,Thionville,6454375,FR,47.59,49.37,81,75,9.17
184,East Dereham,2650470,GB,50.45,52.68,81,75,14.99
185,Politischer Bezirk Schwaz,2765389,AT,55.4,47.27,54,75,10.29
186,Ulica Starowiejska,756349,PL,51.24,52.17,80,88,5.75
187,Oud-Loosdrecht,2748926,NL,48.15,52.21,76,40,14.99
188,Wudian,1791209,CN,48.18,31.93,100,92,17.05
189,San Pietro in Amantea,2523387,IT,59.0,39.14,82,20,26.4
190,Poduri,670274,RO,57.2,46.47,71,0,11.41
191,Saint-Ay,6434701,FR,52.43,47.85,76,0,18.34
192,Forest Oak,4324944,US,63.32,32.45,27,20,6.93
193,Saint-Étienne-du-Rouvray,6443443,FR,48.85,49.38,87,75,16.49
194,Artaiz,3129345,ES,54.57,42.75,87,75,5.82
195,Hukvaldy,3074733,CZ,54.23,49.62,54,0,12.75
196,San Potito Sannitico,3167796,IT,60.87,41.34,87,40,2.39
197,Purna,1259177,IN,71.67,19.18,71,0,3.62
198,Vaudeloges,2970533,FR,49.37,48.94,81,75,16.11
199,San Nicolas de los Arroyos,3836846,AR,84.2,-33.34,42,0,11.41
200,Castano Primo,6536502,IT,46.81,45.55,100,90,6.93
201,Bialet Massé,3864261,AR,89.6,-31.31,25,20,11.41
202,Silberstedt,6551995,DE,49.06,54.52,93,44,11.41
203,Zhentou,1924521,CN,58.44,29.27,97,76,2.95
204,Michurinsk,527191,RU,28.47,52.9,86,68,2.95
205,Région de Gao,2457161,ML,83.64,16.64,11,0,12.24
206,Llombai,2514994,ES,64.4,39.28,39,20,10.29
207,Kimovsk,548658,RU,26.31,53.97,80,48,3.96
208,Tavernspite,2636175,GB,42.8,51.78,81,48,19.46
209,Weenzen,6552496,DE,50.7,52.03,76,40,9.17
210,Raheenagh,3291406,IE,41.0,52.38,56,20,6.93
211,Hemmersheim,6556907,DE,48.29,49.57,75,20,9.17
212,Landesbergen,6558436,DE,51.8,52.57,76,75,11.41
213,Yuxin,6682545,CN,68.0,23.28,94,92,2.24
214,Leeton,7839744,AU,66.54,-34.53,69,44,9.55
215,Truskolasy,3083201,PL,53.6,50.87,54,0,4.7
216,Devant,2661029,CH,45.93,46.43,87,20,4.7
217,Rietfontein,961935,ZA,55.74,-25.5,93,36,4.63
218,Ocean Grove,5102136,US,55.04,40.21,76,40,24.16
219,Ponferrada,3113236,ES,41.07,42.55,98,92,2.51
220,Livani,457860,LV,50.07,56.35,87,80,10.45
221,Trescasas,3107509,ES,53.58,40.96,66,0,11.41
222,San Martin,3836992,AR,89.6,-33.08,24,0,13.87
223,Sangdang,7384060,CN,23.34,35.52,68,56,2.17
224,Pont-Aven,6431022,FR,47.55,47.85,81,90,13.87
225,Harsova,676163,RO,44.6,44.68,87,0,6.93
226,Unterstrogn,2818590,DE,50.99,48.33,66,0,11.41
227,Pueai Noi,7510962,TH,77.0,15.87,100,24,2.24
228,Zhaqsy,1517020,KZ,26.58,51.91,85,0,15.93
229,Tiverton,6167033,CA,48.2,44.38,100,90,23.04
230,Kiskore,718911,HU,57.2,47.5,50,0,9.17
231,Borgloon,2801467,BE,49.78,50.81,87,75,16.11
232,Mojotoro,3910203,BO,55.74,-18.92,91,88,3.4
233,Caimancito,3863491,AR,77.79,-23.74,63,0,3.51
234,Niederscheyern,2862903,DE,49.39,48.52,62,64,8.05
235,Kasukabe,1859884,JP,52.77,35.98,53,90,3.36
236,Blume,2947573,DE,50.0,51.42,71,40,11.41
237,Synyanyrd,485203,RU,28.83,65.99,93,88,10.89
238,Pekmezli,439101,TR,48.54,36.75,42,0,4.63
239,Huntlosen,2897287,DE,48.88,52.98,87,75,6.93
240,Rheinberg,2847662,DE,49.33,51.55,71,0,14.99
241,Kumo,2333451,NG,75.9,10.04,36,0,3.62
242,Sankt Anna am Aigen,7872310,AT,55.47,46.84,71,0,6.93
243,Modot,2029989,MN,19.02,47.75,68,80,21.52
244,Amial,2742935,PT,55.4,40.62,87,40,4.7
245,Mussidan,6453829,FR,53.6,45.03,71,90,9.17
246,Carenas,3126286,ES,59.0,41.28,38,32,5.82
247,Nooksack,5804860,US,46.38,48.93,61,90,5.82
248,Zhongan,1784477,CN,62.31,25.67,43,36,13.58
249,Al Artawiyah,110031,SA,62.94,26.51,82,92,3.62
250,Gemeente Druten,2756538,NL,47.52,51.88,100,0,4.7
251,Schechingen,2840116,DE,48.2,48.87,66,0,3.36
252,Oberboihingen,6555430,DE,46.99,48.65,66,0,3.36
253,Shearwater,6145615,CA,46.4,52.15,65,1,6.93
254,Malberg,2874142,DE,46.36,50.05,81,75,19.46
255,Ebenthal,2780544,AT,50.0,46.61,71,40,5.82
256,Loyalhanna,5199209,US,36.48,40.32,55,90,17.22
257,Hannersdorf,2776891,AT,52.23,47.23,65,36,12.35
258,Haoli,7326394,CN,30.45,33.98,85,80,6.53
259,Bolszewo,3102961,PL,46.4,54.62,81,0,3.36
260,Villers-la-Montagne,2968382,FR,47.34,49.47,93,75,11.41
261,Finkenwerder,2926732,DE,51.8,53.53,87,24,5.82
262,Ross,5691399,US,23.86,48.31,73,0,6.93
263,Magadanskaya Oblast’,2123627,RU,25.05,63.0,75,36,6.87
264,Bānskhoh,1277225,IN,89.6,26.83,15,40,3.36
265,Waikato,2180293,NZ,63.03,-37.5,78,24,6.2
266,Gorcop,1178148,PK,65.19,25.87,72,8,2.95
267,Laguna Seca,3607802,HN,91.4,14.7,36,20,2.24
268,Chavenon,6446548,FR,50.7,46.42,66,56,16.6
269,Ganwang,2037306,CN,37.47,40.81,76,92,4.18
270,Rauschwitz,2849857,DE,50.0,50.97,87,40,11.41
271,Saint-Gengoux-le-National,2980006,FR,53.6,46.61,62,75,4.7
272,Bamfield,5892444,CA,44.6,48.83,93,90,6.93
273,Mount Keira,2206111,AU,61.65,-34.42,82,20,5.82
274,Cronenberg,6555082,DE,48.87,49.65,81,20,16.11
275,Jaynagar,1269093,IN,72.57,26.58,74,32,4.74
276,Hujra,1176800,PK,77.16,30.74,57,92,8.55
277,Charnay,3026538,FR,51.8,45.89,76,0,4.7
278,Solana,1685880,PH,70.86,17.65,100,92,1.39
279,Zlonice,3061360,CZ,56.26,50.29,62,40,19.46
280,Caetanópolis,3468329,BR,73.4,-19.3,73,40,12.75
281,Gars,2922502,DE,54.32,48.15,66,0,11.41
282,Loteamento Jardim Ana Maria,7619472,BR,71.67,-24.74,93,92,4.63
283,Polovinnoye,1494525,RU,14.16,53.76,75,0,7.99
284,Chum Phae,1611026,TH,72.21,16.54,90,36,2.95
285,Roberts County,5230872,US,27.19,45.52,58,80,10.29
286,Canton de Redange,2960161,LU,47.25,49.8,81,75,19.46
287,Yuzhnyy,841412,RU,41.16,45.02,83,20,4.41
288,Erlong,2037470,CN,30.09,45.37,32,88,6.76
289,Akko,2351027,NG,76.08,10.29,45,0,3.62
290,Issoire,3012664,FR,53.6,45.55,62,90,16.11
291,Anchau,2349951,NG,73.65,10.96,28,0,7.43
292,Rising Sun,4366852,US,54.82,39.7,37,1,31.09
293,Streifen,2826003,DE,45.64,47.88,75,92,6.93
294,Youhua,1552324,CN,53.04,30.68,94,92,4.07
295,Cabezabellosa de la Calzada,6360316,ES,44.67,41.04,89,88,9.66
296,Saint-Pé-de-Léren,6440602,FR,53.96,43.48,87,75,11.41
297,Permatang Damar Laut,1735071,MY,79.66,5.28,88,75,4.7
298,Huraydah,79393,YE,62.76,15.6,62,0,3.62
299,DeLand,4152890,US,85.53,29.03,48,40,10.29
300,Marineo,2524255,IT,57.2,37.95,93,0,4.7
301,Mitu,3674676,CO,80.04,1.2,79,56,0.94
302,Purchena,2512133,ES,59.0,37.35,67,0,3.36
303,Iturmendi,3120248,ES,51.57,42.89,87,75,5.82
304,Badbergen,6552978,DE,50.11,52.63,100,32,3.36
305,Tha Sala,1150200,TH,80.04,8.67,100,20,6.08
306,Giershausen,2920589,DE,47.77,50.38,87,68,16.11
307,Delphos,5151941,US,32.92,40.84,100,90,25.28
308,Wanaque,5106014,US,53.87,41.04,76,40,24.16
309,Waake,6552350,DE,50.0,51.55,71,40,11.41
310,Dickson City,5186924,US,44.47,41.47,45,75,28.86
311,Gogino,6610226,RU,16.77,56.62,66,0,2.95
312,Levesen,2878224,DE,50.86,52.32,71,75,11.41
313,Kamienica,769697,PL,50.92,49.58,53,20,13.87
314,Bolesławiec,7532649,PL,56.28,51.32,70,92,5.41
315,Drocourt,3020792,FR,48.85,50.39,81,92,11.41
316,Garden City,4196688,US,73.9,32.11,69,90,16.11
317,Hesseneck,3274969,DE,48.99,49.57,81,40,6.93
318,Salching,2842315,DE,51.96,48.82,71,24,9.78
319,Worth an der Donau,2806080,DE,50.0,49.02,71,75,3.36
320,Hinigaran,1711621,PH,70.5,10.27,100,48,2.62
321,Aksu,752359,TR,25.23,40.09,83,0,1.83
322,Shermans Corner,4978496,US,41.68,44.46,93,90,6.93
323,Roskoshnoye,695441,UA,45.39,48.51,76,64,2.17
324,Roperuelos del Páramo,6358674,ES,46.4,42.22,75,40,10.29
325,Penha,3454213,BR,77.0,-26.77,78,40,9.17
326,Saint-Martin-le-Gréard,6435622,FR,47.28,49.55,81,90,20.8
327,Capestang,3028720,FR,56.01,43.33,93,0,6.93
328,Qasr al Farafirah,350661,EG,64.65,27.06,35,0,11.01
329,Bochum-Werne,2810834,DE,51.89,51.49,71,44,13.87
330,Schleiden,2838744,DE,49.77,50.53,71,75,4.7
331,Arganil,8010481,PT,45.03,40.24,92,64,2.17
332,Oostelbeers,2749513,NL,50.5,51.47,81,90,5.82
333,Les,6362989,ES,34.77,42.81,77,8,1.72
334,South Lebanon,4525084,US,36.19,39.37,55,90,23.04
335,Kirchdorf am Inn,2890602,DE,57.2,48.25,54,40,16.11
336,Selogiri,1627969,ID,64.92,-7.78,96,12,1.72
337,Neukirchen,2864759,DE,53.6,49.25,66,75,5.82
338,Nay,2990851,FR,48.25,49.24,93,75,19.46
339,Schleitheim,7287092,CH,48.2,47.75,70,0,3.36
340,Stützengrün,6548593,DE,48.2,50.53,87,40,5.82
341,Céligny,2661240,CH,46.4,46.35,100,75,2.24
342,Haverhill,4158239,US,81.5,26.69,65,40,11.41
343,Kaaawa,5856759,US,80.17,21.56,78,90,10.29
344,Habach,2913069,DE,49.26,47.73,75,12,6.93
345,Parbayse,2988587,FR,52.72,43.33,87,90,3.36
346,Barich,5893004,CA,15.51,54.2,90,64,8.66
347,Schirnding,2839066,DE,50.02,50.08,87,40,5.82
348,Niedersohren,2862862,DE,47.82,49.93,81,20,16.11
349,Al Tuhayta,77655,YE,76.71,14.18,70,0,2.73
350,Zeleny Hay,687345,UA,44.6,47.39,81,0,6.71
351,Streaky Bay,7839460,AU,54.93,-32.74,100,0,6.42
352,Eidfjord,3158668,NO,19.02,60.47,87,88,1.72
353,Kelburn,2188922,NZ,60.8,-41.28,82,0,2.24
354,Carbon County,5536454,US,55.4,39.74,7,1,6.93
355,Pouancé,6435268,FR,50.0,47.75,87,90,10.29
356,Anavra,265095,GR,51.8,39.2,71,0,6.93
357,Kosi,1266073,IN,76.08,27.8,46,0,7.76
358,Tumut Shire,7839368,AU,53.31,-35.54,87,0,3.4
359,Schönenbuch,7287108,CH,46.8,47.54,81,75,14.99
360,Grenada,3580239,GD,82.4,12.12,74,20,11.41
361,Ainsworth,5062769,US,46.81,42.55,48,1,9.17
362,Bankstown,7839688,AU,64.15,-33.92,82,20,5.82
363,Macedo de Cavaleiros,8010464,PT,44.04,41.55,93,36,3.62
364,Malpica,2514219,ES,39.99,39.9,90,0,2.62
365,City of Parramatta,7302259,AU,64.29,-33.82,82,20,5.82
366,Xinhe,7643671,CN,57.36,29.62,99,92,3.96
367,Taourirt,2530048,MA,57.2,34.41,54,0,3.36
368,Chevry,3025274,FR,46.4,46.28,100,75,2.24
369,Loscorrales,3118025,ES,57.2,42.25,54,75,8.05
370,Kirchlinteln,6552843,DE,50.7,52.94,87,75,6.93
371,Malabon,1703320,PH,79.25,14.67,78,75,9.17
372,Oleiros,3115177,ES,49.01,43.33,87,20,5.82
373,São José da Bela Vista,3448696,BR,84.2,-20.59,51,40,8.05
374,Chichester,2653192,GB,47.14,50.84,87,40,12.75
375,South Valley Stream,5139015,US,54.09,40.66,84,40,24.16
376,Lark Harbour,6049990,CA,32.0,49.1,92,90,14.99
377,Reckendorf,2849674,DE,49.77,50.02,62,0,11.41
378,Chuvashskaya Respublika,567395,RU,33.8,55.5,93,20,4.47
379,Bischofsheim,2948289,DE,49.82,50.03,62,0,11.41
380,Peralta,3495020,DO,86.0,18.58,58,20,17.22
381,Астафьево,817459,RU,32.11,55.1,74,0,4.47
382,Zigos,733749,GR,51.8,41.02,87,0,0.27
383,Gwennap,7294624,GB,42.8,50.22,81,20,12.75
384,Naisud,1698532,PH,79.32,11.81,100,76,13.47
385,Liencres,3118447,ES,53.6,43.46,81,75,9.17
386,Pine Island Center,4168493,US,83.46,26.61,65,1,9.17
387,Wuhan,1791247,CN,51.8,30.58,87,75,8.95
388,Mykolayivka,700180,UA,37.47,45.27,100,0,3.18
389,Sennecey-le-Grand,2975080,FR,51.84,46.64,81,75,12.75
390,Polzeath,6324514,GB,42.8,50.57,81,20,23.04
391,Pringgodani,7350812,ID,70.59,-8.03,94,12,2.39
392,Spiegelberg,2830561,DE,48.16,49.04,66,0,3.36
393,Port Royal,3488980,JM,84.2,17.94,70,20,13.87
394,Hlebine,3199376,HR,56.73,46.16,68,12,12.68
395,Eiras,3123703,ES,51.8,41.93,93,40,5.82
396,Mücka,6548644,DE,59.0,51.32,54,75,5.82
397,Wijnegem,2783685,BE,50.67,51.23,71,40,13.87
398,Tunau,6555896,DE,48.76,47.78,81,75,14.99
399,Licq-Athérey,6440474,FR,53.6,43.07,87,90,3.36
400,Berg,6290903,CH,46.9,47.62,93,100,3.36
401,Hodgleigh,2163334,AU,64.38,-26.63,84,0,16.49
402,Saint-Romain-le-Puy,6434316,FR,51.8,45.55,66,0,9.17
403,Shelford,2149680,AU,59.0,-38.02,87,90,5.82
404,Big Pine,5328426,US,68.32,37.16,11,1,1.72
405,Pinerolo,6540662,IT,46.4,44.88,100,40,2.24
406,Sauvagnat-Sainte-Marthe,6440235,FR,53.6,45.58,62,90,16.11
407,Friedrichsfehn,2924618,DE,48.16,53.12,87,75,6.93
408,Engertshofen,2930157,DE,46.63,48.35,75,100,10.29
409,Groß Grenz,2915579,DE,51.8,53.97,93,75,4.7
410,Dobrinje,3201931,BA,50.18,44.05,61,0,2.24
411,Strunino,817682,RU,28.83,54.4,93,44,7.09
412,Deebing Heights,7932667,AU,62.8,-27.67,93,40,4.7
413,Spalding County,4223848,US,60.19,33.27,44,1,16.11
414,Auersthal,2782204,AT,54.21,48.37,71,0,6.93
415,Loncoche,3882582,CL,59.0,-39.37,54,75,9.17
416,San Giuliano,3168226,IT,46.4,45.13,100,40,2.24
417,Busbys Flat,2172989,AU,64.83,-29.03,92,76,3.96
418,Agua Verde,4019219,MX,84.2,22.9,42,75,12.75
419,Brok,775304,PL,51.78,52.7,79,76,7.65
420,Jozerand,6440056,FR,53.6,46.03,62,90,16.11
421,Beaupuy,3034107,FR,54.54,44.54,71,90,9.17
422,Estrees-Saint-Denis,3019500,FR,50.36,49.43,76,40,10.29
423,Holly Springs,4201047,US,59.76,34.17,21,1,12.75
424,Battlefield,4375979,US,42.21,37.12,38,1,4.74
425,Kasing,2892545,DE,49.96,48.83,62,64,8.05
426,Bullaun,2965939,IE,37.4,53.25,64,20,6.93
427,San Pedro Sula,3601782,HN,91.11,15.5,47,20,13.87
428,Polyarnyy,1494463,RU,17.04,67.45,84,92,19.95
429,Lukovetskiy,533418,RU,32.0,64.3,77,90,11.18
430,el Vendrell,6361405,ES,61.95,41.21,39,0,10.29
431,Gunjrauliya,1270675,IN,70.86,26.58,78,32,2.73
432,Bitkine,2435124,TD,77.79,11.98,24,0,7.99
433,Soto y Amío,6358702,ES,46.4,42.79,75,40,10.29
434,Kynsperk nad Ohri,3072394,CZ,50.2,50.12,87,40,5.82
435,Krumstedt,2883238,DE,48.79,54.07,93,75,5.82
436,Barbata,6534955,IT,52.27,45.48,93,75,4.7
437,Tordehumos,6362286,ES,46.4,41.8,75,20,14.99
438,Kolyberovo,546013,RU,30.2,55.27,74,0,4.47
439,Vasil’sursk,476732,RU,26.49,56.13,91,24,2.73
440,Hejiang,1808612,CN,71.04,28.81,64,20,12.91
441,Mailing,2874267,DE,50.0,47.94,66,0,11.41
442,Cicevac,791936,RS,65.34,43.72,27,0,2.39
443,Miaoling,7745048,CN,58.35,29.1,98,48,2.39
444,San Antonio,1690303,PH,66.54,16.35,100,92,1.72
445,Kinheim,6554339,DE,46.99,49.97,81,75,19.46
446,Salas Nocajski,3191339,RS,60.82,44.95,54,0,3.36
447,Sudnikovo,486840,RU,32.07,56.36,90,56,9.44
448,As,3163608,NO,35.6,63.97,80,20,17.22
449,Ashcroft,5887531,CA,50.0,50.72,34,20,3.36
450,Farciennes,2798471,BE,48.51,50.43,87,75,11.41
451,Piana di Monte Verna,6535629,IT,60.19,41.17,87,40,2.39
452,Nocera Umbra,3172242,IT,55.4,43.11,76,75,8.05
453,Fernsdorf,2927090,DE,51.8,51.7,81,0,14.99
454,Punata,3907080,BO,78.8,-17.55,31,20,6.93
455,Nievern,2862440,DE,47.7,50.33,87,68,16.11
456,Orsfeld,6554485,DE,46.36,50.03,81,75,19.46
457,Ocentejo,6357971,ES,43.59,40.77,84,100,8.88
458,Ratesti,669116,RO,44.22,44.73,77,12,2.17
459,Odemira,8010442,PT,50.16,37.63,83,0,4.52
460,Armillas,3129493,ES,59.0,40.9,38,0,5.82
461,Erlenbach,6555516,DE,49.64,49.17,75,20,9.17
462,Jaro,7996816,NP,37.29,27.82,80,76,0.94
463,Kelwa,1267311,IN,69.69,25.15,36,0,6.87
464,Stötten,2826344,DE,53.94,47.8,66,0,11.41
465,Poplar Hill,6110958,CA,24.24,52.08,46,76,6.76
466,Yaotsu,1848518,JP,35.58,35.47,92,0,2.06
467,Obshtina Dulovo,731816,BG,54.03,43.82,63,0,11.45
468,Colebrook,2171050,AU,48.2,-42.53,93,75,4.07
469,Murillo Colonia,4713506,US,66.9,26.26,63,90,11.41
470,Lagendorf,2881942,DE,49.39,52.83,93,40,5.82
471,Aranjuez,3129857,ES,53.11,40.03,76,0,13.87
472,Georgensgmund,2921267,DE,50.58,49.19,62,0,11.41
473,Batouri,2234663,CM,74.19,4.43,81,36,2.39
474,Matangad,1700433,PH,76.89,8.58,100,64,1.61
475,San Fernando,3616871,NI,84.27,13.68,44,68,3.06
476,Dock Sud,3435050,AR,76.05,-34.63,60,0,5.82
477,Bojnice,3061015,SK,53.02,48.79,57,75,6.98
478,Tretiy Severnyy,496290,RU,36.93,60.21,84,20,7.43
479,Voerendaal,2745369,NL,50.25,50.88,81,90,12.75
480,San Miguel,1688998,PH,71.49,10.78,98,44,5.64
481,Castilla,3698671,PE,91.83,-5.2,39,48,11.01
482,Homer,5121169,US,43.41,42.64,56,75,23.04
483,Duppach,6554688,DE,47.46,50.27,81,75,19.46
484,Natitingou,2392601,BJ,79.23,10.3,67,44,6.64
485,Kleinvollstedt,2888063,DE,50.63,54.23,93,75,5.82
486,Netstal,2659497,CH,47.48,47.06,76,75,3.36
487,São Miguel de Taipu,3388272,BR,84.2,-7.25,66,20,8.05
488,Tret’ya Rota,481725,RU,44.6,43.74,87,0,3.62
489,Turner,5757706,US,54.91,44.84,50,90,9.17
490,Verkhniy Ufaley,1487394,RU,22.89,56.06,86,20,3.18
491,Hassi Bahbah,2494073,DZ,53.94,35.07,78,0,9.44
492,Cranbury,5097006,US,54.57,40.32,64,40,24.16
493,Hallsberg,2708511,SE,42.8,59.07,93,90,5.82
494,Tortuera,6358051,ES,59.0,41.01,38,44,5.82
495,Zetten,2743952,NL,48.6,51.93,93,90,6.93
496,Lambeth,3333163,GB,48.74,51.42,93,40,11.41
497,Baishazhou,7636847,CN,59.16,29.16,84,80,10.22
498,Schiffdorf,2839345,DE,48.24,53.53,87,75,19.46
499,Šapine,786100,RS,60.8,44.57,55,0,5.82
